0  45
45  469989
45  46440
45  38907
45  37658
45  37568
45  32881
45  30281
45  30254
45  30253
45  30196
45  29196
45  29172
45  29171
45  28975
45  28974
45  28783
45  48
45  47
45  46
45  28754
45  28973
45  28972
46  83620
46  46585
46  30199
46  30198
46  30197
46  28976
46  28793
46  28786
46  28785
46  28784
46  28776
46  28767
46  28766
46  28765
46  28764
46  28763
46  28762
46  28761
46  28802
47  38167
47  38166
47  38165
47  38164
47  38163
47  38162
47  38161
47  38160
47  38159
47  38158
47  38157
47  38156
47  38155
47  37987
47  28781
47  28780
48  619315
48  619314
13335  37559
13335  37189
28754  30362
28762  28809
28762  28808
28763  28797
28764  28804
28764  28803
28783  641426
28785  84062
28972  102980
28972  46350
28972  30258
28972  30257
28972  30256
28972  30255
28973  30441
28975  46172
28975  37556
28975  30274
28975  30273
28975  30272
28975  13335
29172  608484
29172  101353
29172  36967
29172  30279
29172  30363
29196  609457
29196  608592
29196  608592
29196  37248
29196  37373
29196  37375
29196  37452
29196  38044
29196  221013
29196  221014
29196  221015
29196  221016
29196  221026
29196  221027
29196  221028
29196  221089
29196  221117
29196  221118
29196  221120
29196  221121
29196  230304
29196  230305
29196  322410
29196  469640
30196  101457
30274  37130
30281  32805
30281  32804
30441  37644
30441  37640
30441  37637
30441  37634
30441  37629
37189  37444
37373  623624
37373  488367
37373  230279
37373  230278
37373  83002
37373  83003
37373  83004
37375  623608
37559  55225
37559  46124
37559  37655
37559  37653
37559  37565
37565  46806
37565  46807
37565  46808
37565  46809
37565  46810
37565  46811
37565  46812
37565  46814
37565  46815
37565  37656
37567  612875
37567  524629
37567  37652
37567  37651
37581  37628
37629  37630
37637  37638
37640  37641
37641  37642
37644  614571
37644  46270
37644  607985
37652  641643
37652  506262
37658  612197
37658  611800
37658  611719
37658  611719
37658  611718
37658  608485
37658  386602
37658  377492
37658  37567
37658  239431
37658  239430
37658  239429
37658  37581
37658  138633
37658  138632
37658  138631
37658  138630
37658  109186
37658  106716
37658  106044
37658  106043
37658  105985
37658  105984
37658  95704
37658  95702
37658  95701
37658  95700
37658  83074
37658  37817
37658  37761
37658  37700
37658  37659
37659  37833
37659  37832
37659  37831
37659  37830
37659  37829
37700  37740
37761  617618
37761  95564
37761  95562
37761  95560
37761  95559
37761  95558
37761  85980
37761  83607
37761  83218
37761  95530
37817  626193
37817  129025
37817  129024
37817  129023
37817  129021
37817  129020
37817  129019
37817  129018
37817  129017
37817  37818
37906  37981
37906  37978
37906  37977
37906  37907
37907  38002
38044  642867
38044  607599
38044  624255
38044  607599
38044  313613
38044  239455
38044  239446
38044  239428
38044  239427
38044  239426
38044  221113
38044  221025
38044  221024
38044  221023
38044  221022
38044  221020
38044  102854
38044  38114
38044  38045
38045  312990
38045  312989
38045  312988
38045  312987
38045  230309
38045  230287
38045  230285
38045  230284
38045  230283
38045  230282
38045  230281
38045  230280
38114  624262
38114  624260
46172  46173
46173  46174
46270  46349
46270  46348
46350  46351
46351  46352
46352  46383
46810  46813
55225  64434
83074  313900
83074  313899
83074  313898
83218  83222
83218  83219
83607  622007
83607  322647
83607  105300
83607  105299
83607  105298
83607  95541
83607  95540
83607  95539
83607  95538
83607  84404
83607  83610
83607  83609
83607  83608
83608  95537
83608  95536
83608  95535
83608  95534
83608  95533
83608  95532
84404  608471
84404  608470
84404  608469
84404  105301
84404  105302
84404  105303
84404  105304
84404  105305
84404  105306
84404  105307
85980  37814
85980  37816
85980  37815
85980  37812
85980  37813
95530  405346
95530  405347
95530  405348
95530  405377
95530  405411
95530  405412
95530  533852
95702  377482
95702  377481
95702  377480
95702  377479
95702  313897
95702  313896
95702  313895
101457  101458
101458  101459
105984  607621
105984  607620
106043  506294
221013  630660
221013  230182
221013  230183
221013  230184
221022  641469
221022  313888
221022  313043
221022  313042
221022  313041
221022  313040
221022  313039
221022  312960
221022  312959
221026  610574
230184  640997
230184  632315
230184  608522
230278  639228
230278  610309
230278  610307
230278  610308
230278  610308
230278  610307
230278  610306
230278  488063
230278  488016
230278  488015
230278  469715
230278  469714
230279  488370
230279  488369
230279  488368
313613  624248
313613  624247
313613  624246
322410  609085
322647  621179
322647  395874
322647  322711
322647  322710
322647  322677
322647  322676
322647  322675
322647  322674
322647  322673
322673  322737
322673  322736
322673  322735
469714  612836
469714  610123
469714  610125
469714  610126
469714  610126
469714  610126
469714  610125
469714  610124
469714  610123
469714  610122
469714  488387
469714  488386
469715  639155
469715  639154
469715  639153
469715  639152
469715  639151
469715  639150
469715  639149
469715  639148
469715  488385
469715  488383
469989  470141
469989  469990
469990  624590
469990  624586
469990  624491
469990  614562
469990  611897
469990  611898
469990  611897
469990  506232
469990  487850
469990  478655
469990  478654
469990  470042
469990  470051
469990  470056
469990  470061
469990  470065
469990  470063
469990  470064
469990  470069
469990  470096
469990  470134
470051  470076
470051  470133
470056  506266
470056  506265
470069  625132
470141  478610
478610  623952
478610  619335
478610  619327
478610  619326
478610  619325
478610  619323
478610  619322
478610  619321
478610  619320
478610  608649
478610  608649
478610  608649
478610  478611
488367  624548
488368  608627
607599  623838
608592  611395
608592  611395
608592  608594
608592  608595
608592  608595
608592  608595
608592  608594
609457  624219
609457  624185
609457  624185
609457  624185
609457  221018
609457  621314
610307  623490
610307  623197
610307  623196
611897  624475
614571  614596
619315  619606
619315  619605
619315  619604
621314  37906
621314  621851
624586  624660
624586  624630
624586  624622
624586  624621
624586  624591
630660  637518
630660  638247
641426  641470
641469  641474
